pred: tensor([[-1.1478e+00, -1.3625e+00],
        [-1.2623e+00, -2.3226e+00],
        [-1.0037e+00, -3.7249e-01],
        [-9.4928e-01, -1.4240e+00],
        [-1.0192e+00, -2.4333e+00],
        [-6.3635e-01, -3.8309e-01],
        [-5.8417e-01, -1.3977e+00],
        [-5.6839e-01, -2.4113e+00],
        [ 2.4173e-01, -3.2454e-01],
        [ 2.2133e-01, -1.3507e+00],
        [ 1.0836e-01, -2.3304e+00],
        [ 7.8733e-01, -2.3442e-01],
        [ 7.4796e-01, -1.2334e+00],
        [ 7.4053e-01, -2.1626e+00],
        [ 8.0404e-01, -1.7005e-01],
        [ 7.7439e-01, -1.1873e+00],
        [ 7.6092e-01, -2.1181e+00],
        [ 3.9745e-01, -2.2259e-01],
        [ 3.5417e-01, -1.2447e+00],
        [ 2.0319e-01, -2.2739e+00],
        [-2.7237e-01, -2.5970e-01],
        [-2.4692e-01, -1.2841e+00],
        [-2.6316e-01, -2.3550e+00],
        [-1.0707e+00, -3.9362e-01],
        [-1.0107e+00, -1.3824e+00],
        [-9.7240e-01, -2.4486e+00],
        [-1.0937e+00, -2.4179e+00],
        [-3.1553e-01, -2.4028e+00],
        [ 5.0310e-01, -3.5023e-01],
        [ 5.4220e-01, -1.3156e+00],
        [ 4.1379e-01, -2.3286e+00],
        [ 9.6401e-01, -2.8852e-01],
        [ 9.4528e-01, -1.2356e+00],
        [ 9.1978e-01, -2.1180e+00],
        [ 1.1821e+00, -2.4508e-01],
        [ 1.1850e+00, -1.1588e+00],
        [ 1.1642e+00, -2.0028e+00],
        [ 1.2881e+00, -3.0617e-01],
        [ 1.2682e+00, -1.1850e+00],
        [ 1.0046e+00, -2.0219e+00],
        [ 5.4823e-01, -3.5816e-01],
        [ 5.7846e-01, -1.2607e+00],
        [ 6.4757e-01, -2.1795e+00],
        [ 1.5922e-01, -4.4687e-01],
        [ 1.2026e-01, -1.3836e+00],
        [ 7.0703e-02, -2.3212e+00],
        [-3.3288e-01, -4.3904e-01],
        [-3.7273e-01, -1.4131e+00],
        [-5.3439e-01, -2.4485e+00],
        [-1.0634e+00, -3.8756e-01],
        [-9.2571e-01, -1.4435e+00],
        [-8.1005e-01, -2.4448e+00],
        [-9.7981e-01, -2.4067e+00],
        [-8.0124e-01, -2.4478e+00],
        [-5.0751e-01, -5.5493e-01],
        [-4.4148e-01, -1.4876e+00],
        [-6.2696e-01, -2.5219e+00],
        [-5.3009e-01, -4.8523e-01],
        [-3.9577e-01, -1.4356e+00],
        [-2.5022e-01, -2.4005e+00],
        [-1.4424e-01, -4.2737e-01],
        [-1.8996e-01, -1.3605e+00],
        [-1.8767e-01, -2.2588e+00],
        [ 3.1040e-01, -2.7688e-01],
        [ 3.4304e-01, -1.2406e+00],
        [ 2.8196e-01, -2.1542e+00],
        [ 3.4848e-01, -2.2869e-01],
        [ 2.4871e-01, -1.1828e+00],
        [ 1.9301e-01, -2.0928e+00],
        [ 1.3498e-01, -3.0378e-01],
        [ 1.2547e-01, -1.3136e+00],
        [ 3.7285e-03, -2.3269e+00],
        [-7.2523e-02, -4.5611e-01],
        [-1.6227e-01, -1.3536e+00],
        [-4.4984e-01, -2.3580e+00],
        [-8.5394e-01, -5.0599e-01],
        [-7.3449e-01, -1.4468e+00],
        [-6.4299e-01, -2.5396e+00],
        [-4.9117e-01, -1.4498e+00],
        [-6.3510e-01, -2.4544e+00],
        [-4.9372e-02, -2.2400e+00],
        [ 3.6257e-01, -1.3095e+00],
        [ 2.2255e-01, -2.1571e+00],
        [ 4.6445e-01, -3.1108e-01],
        [ 4.9631e-01, -1.2460e+00],
        [ 4.8727e-01, -2.2045e+00],
        [ 5.1136e-01, -2.9686e-01],
        [ 4.9226e-01, -1.2048e+00],
        [ 4.0749e-01, -2.0808e+00],
        [ 1.6197e-01, -3.3830e-01],
        [ 1.7692e-01, -1.2306e+00],
        [ 1.4711e-01, -2.0967e+00],
        [-3.5746e-01, -3.7366e-01],
        [-2.9784e-01, -1.3415e+00],
        [-2.8582e-01, -2.1599e+00],
        [-6.2883e-01, -4.0468e-01],
        [-5.7936e-01, -1.4152e+00],
        [-6.4702e-01, -2.3084e+00],
        [-7.3209e-01, -4.4005e-01],
        [-7.1366e-01, -1.4400e+00],
        [-8.4164e-01, -2.3028e+00],
        [-7.4270e-01, -4.9882e-01],
        [-6.6034e-01, -1.4908e+00],
        [-7.6671e-01, -2.3317e+00],
        [-5.1693e-01, -1.4308e+00],
        [-5.3773e-01, -2.2545e+00],
        [-2.0290e-01, -2.2193e+00],
        [ 2.3498e-02, -1.2315e+00],
        [ 7.7433e-02, -2.1279e+00],
        [ 3.7118e-01, -3.0034e-01],
        [ 3.1535e-01, -1.2166e+00],
        [ 2.3419e-01, -2.0787e+00],
        [ 4.7980e-01, -2.9370e-01],
        [ 4.4515e-01, -1.1927e+00],
        [ 2.9793e-01, -2.0636e+00],
        [ 3.3234e-01, -2.3234e-01],
        [ 3.1268e-01, -1.2116e+00],
        [ 3.3453e-01, -2.1792e+00],
        [-4.1010e-02, -3.0113e-01],
        [-5.6058e-02, -1.2579e+00],
        [ 2.5137e-02, -2.1806e+00],
        [ 8.7105e-03, -3.3308e-01],
        [-3.0049e-02, -1.2830e+00],
        [-1.6005e-01, -2.2119e+00],
        [-1.9297e-01, -3.1244e-01],
        [-1.8712e-01, -1.2813e+00],
        [-2.2182e-01, -2.1909e+00],
        [-3.4791e-01, -2.6182e-01],
        [-3.4540e-01, -1.3085e+00],
        [-3.5146e-01, -2.2175e+00],
        [-4.5374e-01, -1.2919e+00],
        [-5.0065e-01, -2.1697e+00],
        [-1.1317e+00, -1.3911e+00],
        [-1.1253e+00, -2.2776e+00],
        [-9.3851e-01, -4.6378e-01],
        [-8.5722e-01, -1.4533e+00],
        [-7.8649e-01, -2.3848e+00],
        [-6.1828e-01, -4.5380e-01],
        [-6.3499e-01, -1.4313e+00],
        [-7.2092e-01, -2.3200e+00],
        [-1.9504e-01, -3.7486e-01],
        [-1.2907e-01, -1.4047e+00],
        [-1.2710e-01, -2.4088e+00],
        [ 3.8855e-01, -2.6184e-01],
        [ 4.1342e-01, -1.2728e+00],
        [ 3.2976e-01, -2.2225e+00],
        [ 4.0180e-01, -2.0767e-01],
        [ 4.0546e-01, -1.2255e+00],
        [ 6.3379e-01, -2.1612e+00],
        [ 4.8559e-01, -3.6328e-01],
        [ 4.1782e-01, -1.2508e+00],
        [ 3.6023e-01, -2.0611e+00],
        [ 6.4298e-01, -3.2461e-01],
        [ 6.5927e-01, -1.2289e+00],
        [ 3.3453e-01, -2.1727e+00],
        [ 2.5308e-02, -2.0094e-01],
        [ 9.5444e-02, -1.2166e+00],
        [ 2.0437e-01, -2.1888e+00],
        [-2.0789e-01, -2.2322e+00],
        [-7.0032e-01, -2.2534e+00],
        [-1.0017e+00, -4.2108e-01],
        [-1.0030e+00, -1.4114e+00],
        [-1.0524e+00, -2.3884e+00],
        [-7.9608e-01, -3.9688e-01],
        [-7.9382e-01, -1.3490e+00],
        [-8.6659e-01, -2.2275e+00],
        [-6.5551e-01, -3.6453e-01],
        [-6.6493e-01, -1.3321e+00],
        [-6.5110e-01, -2.2125e+00],
        [-2.8768e-01, -3.7971e-01],
        [-3.4711e-01, -1.3102e+00],
        [-4.0798e-01, -2.1570e+00],
        [-1.9047e-01, -3.9152e-01],
        [-1.9948e-01, -1.3525e+00],
        [-2.2189e-01, -2.3051e+00],
        [-1.8824e-01, -4.4406e-01],
        [-1.5035e-01, -1.3646e+00],
        [-1.1927e-01, -2.2708e+00],
        [ 1.8914e-01, -3.9121e-01],
        [ 8.5324e-02, -1.3534e+00],
        [-1.4891e-01, -2.2712e+00],
        [-6.5917e-02, -4.1689e-01],
        [-8.8976e-02, -1.3220e+00],
        [-1.9496e-02, -2.2484e+00],
        [ 4.1746e-03, -2.2279e+00],
        [ 4.6839e-01, -2.0249e+00],
        [ 7.1610e-01, -3.0491e-01],
        [ 6.4591e-01, -1.2027e+00],
        [ 5.6608e-01, -2.0043e+00],
        [ 5.5166e-01, -2.6992e-01],
        [ 6.2030e-01, -1.2306e+00],
        [ 7.2123e-01, -2.0525e+00],
        [ 7.6001e-01, -2.8427e-01],
        [ 7.4575e-01, -1.2675e+00],
        [ 6.5221e-01, -2.1034e+00],
        [ 3.9397e-01, -2.5624e-01],
        [ 3.5527e-01, -1.2319e+00],
        [ 3.8207e-01, -2.0471e+00],
        [-8.7682e-02, -3.0448e-01],
        [-1.1461e-01, -1.2312e+00],
        [-1.4713e-03, -1.9858e+00],
        [-1.9312e-01, -3.4167e-01],
        [-2.4021e-01, -1.2754e+00],
        [-3.9551e-01, -2.0900e+00],
        [-6.4547e-01, -3.9198e-01],
        [-6.6899e-01, -1.3541e+00],
        [-6.9281e-01, -2.1845e+00],
        [-7.8380e-01, -3.4273e-01],
        [-8.2994e-01, -1.3462e+00],
        [-8.1045e-01, -2.1991e+00],
        [-9.0178e-01, -2.1664e+00],
        [-4.2925e-01, -2.2387e+00],
        [-1.2474e-01, -3.4796e-01],
        [-1.8796e-01, -1.3107e+00],
        [-1.7225e-01, -2.2912e+00],
        [ 1.9508e-01, -2.8044e-01],
        [ 1.5841e-01, -1.2117e+00],
        [ 9.8761e-02, -2.1244e+00],
        [ 4.1071e-01, -2.4736e-01],
        [ 3.8345e-01, -1.1826e+00],
        [ 4.4342e-01, -2.1568e+00],
        [ 4.7379e-01, -2.0532e-01],
        [ 4.3503e-01, -1.1783e+00],
        [ 4.5281e-01, -2.0899e+00],
        [ 9.4128e-02, -2.5418e-01],
        [ 1.6233e-02, -1.2737e+00],
        [-2.7518e-02, -2.1385e+00],
        [-5.9276e-01, -3.6211e-01],
        [-5.2404e-01, -1.3623e+00],
        [-3.9617e-01, -2.2485e+00],
        [-7.1549e-01, -4.8899e-01],
        [-7.2834e-01, -1.4753e+00],
        [-8.9093e-01, -2.3587e+00],
        [-1.0967e+00, -5.4885e-01],
        [-1.0223e+00, -1.5175e+00],
        [-9.3592e-01, -2.4958e+00],
        [-9.0801e-01, -2.3996e+00],
        [ 2.7974e-01, -2.1220e+00],
        [ 1.0035e+00, -1.1744e+00],
        [ 9.5741e-01, -2.0920e+00],
        [ 1.2722e+00, -2.3459e-01],
        [ 1.2182e+00, -1.1463e+00],
        [ 1.1764e+00, -1.9974e+00],
        [ 1.2105e+00, -2.2902e-01],
        [ 1.1747e+00, -1.1400e+00],
        [ 1.1477e+00, -1.9029e+00],
        [ 1.1258e+00, -2.2562e-01],
        [ 1.1389e+00, -1.1561e+00],
        [ 1.0293e+00, -1.8700e+00],
        [ 3.7818e-01, -3.0004e-01],
        [ 3.2441e-01, -1.2397e+00],
        [ 3.8234e-01, -1.9077e+00],
        [-1.7289e-01, -4.0676e-01],
        [-8.1664e-02, -1.3459e+00],
        [ 6.0579e-02, -2.0783e+00],
        [-4.7003e-01, -5.3338e-01],
        [-4.6960e-01, -1.4141e+00],
        [-6.0380e-01, -2.2343e+00],
        [-1.1185e+00, -5.0475e-01],
        [-1.0022e+00, -1.5091e+00],
        [-8.0851e-01, -2.3659e+00],
        [-9.5945e-01, -1.5108e+00],
        [-1.0200e+00, -2.3855e+00],
        [-2.2269e-01, -1.3596e+00],
        [-3.5206e-01, -2.3262e+00],
        [ 1.0377e-01, -4.3214e-01],
        [ 1.2799e-01, -1.3152e+00],
        [ 1.4667e-01, -2.2346e+00],
        [ 3.1408e-01, -4.1391e-01],
        [ 2.3942e-01, -1.3162e+00],
        [ 1.9418e-01, -2.1873e+00],
        [ 3.7809e-01, -2.5795e-01],
        [ 4.4011e-01, -1.1927e+00],
        [ 4.2655e-01, -2.0674e+00],
        [ 3.4037e-01, -3.2206e-01],
        [ 2.7251e-01, -1.2726e+00],
        [ 2.1787e-01, -2.1011e+00],
        [-1.8529e-01, -2.6337e-01],
        [-2.0366e-01, -1.2797e+00],
        [-1.6938e-01, -2.1772e+00],
        [-5.7560e-01, -3.8881e-01],
        [-6.0146e-01, -1.3933e+00],
        [-6.3034e-01, -2.2574e+00],
        [-1.1065e+00, -4.4414e-01],
        [-1.1497e+00, -1.4459e+00],
        [-1.1089e+00, -2.3373e+00],
        [-1.3636e+00, -1.5452e+00],
        [-1.2454e+00, -2.4198e+00],
        [-4.4464e-01, -2.4362e+00],
        [ 4.4640e-01, -1.4462e+00],
        [ 3.2390e-01, -2.3518e+00],
        [ 9.8456e-01, -4.1066e-01],
        [ 9.6474e-01, -1.3033e+00],
        [ 8.2332e-01, -2.1104e+00],
        [ 1.1685e+00, -3.4845e-01],
        [ 1.1878e+00, -1.2464e+00],
        [ 1.1292e+00, -2.0517e+00],
        [ 1.2240e+00, -2.9296e-01],
        [ 1.2213e+00, -1.1999e+00],
        [ 1.1005e+00, -2.0168e+00],
        [ 7.8968e-01, -2.8240e-01],
        [ 7.6100e-01, -1.2449e+00],
        [ 7.8832e-01, -2.0549e+00],
        [ 1.7742e-01, -3.2650e-01],
        [ 1.9375e-01, -1.3260e+00],
        [ 2.1823e-01, -2.1033e+00],
        [-5.9630e-01, -3.9077e-01],
        [-5.3198e-01, -1.3561e+00],
        [-5.4204e-01, -2.1101e+00],
        [-9.4036e-01, -3.7193e-01],
        [-8.9494e-01, -1.3611e+00],
        [-8.4637e-01, -2.1544e+00],
        [-1.0813e+00, -1.3864e+00],
        [-1.0796e+00, -2.1496e+00],
        [-8.6181e-01, -2.2003e+00],
        [-6.0413e-01, -5.0042e-01],
        [-6.1584e-01, -1.3836e+00],
        [-6.0419e-01, -2.2020e+00],
        [-3.4514e-01, -4.9314e-01],
        [-3.5852e-01, -1.4356e+00],
        [-3.1507e-01, -2.2046e+00],
        [ 1.3209e-01, -4.7682e-01],
        [ 6.4175e-02, -1.3507e+00],
        [-1.5354e-01, -2.0659e+00],
        [ 4.3877e-01, -3.1608e-01],
        [ 4.5339e-01, -1.2431e+00],
        [ 3.2051e-01, -2.0339e+00],
        [ 3.6352e-01, -3.2189e-01],
        [ 2.8265e-01, -1.2959e+00],
        [ 2.6909e-01, -2.0575e+00],
        [ 1.1542e-01, -3.3774e-01],
        [ 1.2498e-01, -1.3329e+00],
        [ 1.3116e-01, -2.1381e+00],
        [ 9.1735e-02, -3.4987e-01],
        [ 7.2916e-02, -1.3416e+00],
        [-6.9474e-02, -2.1322e+00],
        [-4.1870e-01, -3.3440e-01],
        [-3.8046e-01, -1.3380e+00],
        [-2.6479e-01, -2.1274e+00],
        [-5.9249e-01, -1.3057e+00],
        [-5.1762e-01, -2.0183e+00]], grad_fn=<IndexBackward0>)